634
554
584
890
921
480
863
300
221
205
393
705
271
589
885
524
292
610
707
845
322
418
978
241
424
812
99
129
495
835
956
596
665
110
496
922
113
834
662
522
729
47
572
62
239
9
687
116
989
355
397
244
28
849
307
532
831
10
236
952
169
122
490
568
349
869
63
677
595
840
768
763
264
190
201
337
48
823
45
247
981
93
246
330
425
519
364
868
799
530
573
302
252
97
306
654
708
774
779
878
413
597
367
301
359
639
171
29
808
218
196
917
177
910
333
660
642
327
737
94
375
6
492
762
723
498
933
193
566
163
440
676
478
55
782
635
194
789
817
932
332
770
17
298
503
152
373
158
66
719
497
20
696
957
888
923
183
499
671
964
574
805
716
602
728
361
618
512
470
4
462
167
886
58
303
960
46
435
790
974
207
884
318
606
741
204
987
736
693
783
772
249
756
904
147
937
856
39
859
563
476
38
896
601
942
434
925
552
950
876
811
704
409
520
919
912
785
617
231
455
273
89
159
637
674
963
864
780
368
706
564
118
42
502
181
544
711
348
931
352
793
648
659
935
350
733
664
439
598
851
738
22
825
314
269
412
2
326
56
640
427
593
795
162
802
824
903
604
446
121
394
527
185
186
997
311
26
245
813
32
713
521
208
417
577
3
5
59
759
826
874
86
460
272
126
486
291
591
334
233
518
776
23
479
11
557
668
626
340
449
515
483
691
655
844
203
973
944
466
828
14
718
285
712
796
908
695
33
504
67
468
160
275
451
603
848
27
838
294
651
829
740
748
939
806
562
945
452
846
962
832
251
516
607
891
899
7
514
406
386
149
227
222
556
261
134
279
485
199
620
267
61
383
323
703
68
176
909
918
721
493
243
872
583
258
862
388
436
953
798
179
757
569
605
628
732
287
400
365
286
871
777
214
421
103
422
971
467
592
137
324
235
378
105
263
354
411
892
717
395
482
429
742
560
54
465
630
35
448
135
175
929
266
71
104
714
760
600
786
92
464
787
282
528
506
226
750
807
155
755
955
25
77
125
144
471
366
852
119
145
336
376
191
184
408
995
559
305
423
85
491
248
986
657
31
232
649
234
270
895
107
91
788
254
157
401
217
720
82
309
543
678
529
15
360
12
43
341
614
804
284
870
211
928
371
667
893
501
57
293
484
523
380
803
827
372
253
431
136
127
124
661
356
822
150
457
791
771
117
656
329
189
79
374
228
765
398
539
148
209
623
188
836
414
907
428
747
52
238
983
724
551
586
797
106
98
489
965
578
472
936
369
410
990
90
461
541
608
900
353
991
173
761
616
19
437
95
508
384
229
347
357
902
644
624
947
87
571
420
223
65
494
459
391
507
172
702
88
346
198
725
487
992
13
192
473
590
837
781
180
224
633
547
432
582
60
416
151
170
187
570
941
839
843
994
174
168
576
815
853
138
197
343
389
758
444
875
920
281
536
594
773
881
745
934
297
195
250
225
996
18
328
754
165
993
70
850
866
453
629
688
692
816
731
911
441
128
51
474
433
979
672
889
237
961
546
308
810
622
880
534
510
858
701
645
901
166
260
670
734
443
877
426
647
312
743
833
310
290
133
178
132
579
505
561
370
621
481
611
69
949
405
202
396
619
112
685
969
321
212
210
339
984
752
588
906
924
153
1
537
403
698
182
883
867
304
697
36
407
156
726
646
338
585
727
894
710
784
488
415
345
40
278
801
682
72
331
219
814
686
283
897
49
41
766
123
277
387
142
913
873
37
681
985
976
679
295
898
289
879
16
141
230
399
954
64
854
299
689
382
553
926
730
700
475
392
587
948
841
540
818
115
531
980
164
690
915
669
533
977
83
555
139
381
658
548
445
262
764
663
638
101
778
402
114
914
256
458
819
938
970
111
650
513
120
940
404
268
538
666
140
50
775
34
161
792
335
842
325
240
861
549
930
215
100
887
951
567
53
131
463
860
735
643
259
430
865
958
344
632
545
612
769
636
946
982
652
599
999
362
73
358
30
753
820
313
280
699
154
683
625
102
130
255
78
216
220
206
477
959
317
315
558
265
675
988
882
288
146
967
746
927
968
855
509
351
613
580
108
767
342
517
847
673
857
916
998
44
641
694
715
450
615
438
319
535
320
653
200
469
809
379
447
794
739
213
526
257
581
511
627
500
21
565
390
684
744
80
749
296
96
419
363
631
525
751
709
74
75
84
242
550
454
821
972
442
943
800
609
276
76
830
24
316
542
274
377
722
8
81
109
575
975
905
385
680
143
966
456
